0 0.9962 0.4089 1 0 2346 0.0062 50 Success
1 0.9999 0.4338 1 0 552 0.0062 11 Success
2 0.6239 0.0016 1 0 92 0.0060 1 Success
3 0.0123 0.0123 0 0 0 0 0 WrongSample
4 0.9688 0.4423 1 0 138 0.0057 2 Success
5 0.9999 0.3297 1 0 2346 0.0074 50 Success
6 0.5486 0.0355 1 0 92 0.0055 1 Success
7 0.9970 0.4880 1 0 506 0.0061 10 Success
8 0.9455 0.0382 1 0 92 0.0068 1 Success
9 0.9999 0.9969 1 1 322 0.0054 6 Fail
10 0.9097 0.3410 1 0 138 0.0048 2 Success
11 0.9853 0.3378 1 0 368 0.0054 7 Success
12 0.9179 0.4875 1 0 138 0.0060 2 Success
13 0.0578 0.0578 0 0 0 0 0 WrongSample
14 0.9998 0.4727 1 0 1288 0.0077 27 Success
15 0.9819 0.2713 1 0 322 0.0066 6 Success
16 0.9912 0.2639 1 0 368 0.0082 7 Success
17 1.0000 1.0000 1 1 322 0.0063 6 Fail
18 0.9998 0.1635 0 1 828 0.0062 17 Success
19 0.9996 0.4747 0 1 184 0.0069 3 Success
20 0.9992 0.2500 0 1 276 0.0070 5 Success
21 0.9976 0.4604 0 1 92 0.0060 1 Success
22 0.9684 0.1017 0 1 92 0.0082 1 Success
23 0.9994 0.4618 0 1 92 0.0064 1 Success
24 1.0000 0.9962 0 0 322 0.0070 6 Fail
25 0.9978 0.3484 0 1 230 0.0063 4 Success
26 0.9999 0.4765 0 1 690 0.0080 14 Success
27 0.9999 0.4795 0 1 322 0.0056 6 Success
28 0.9743 0.2255 0 1 92 0.0052 1 Success
29 0.0016 0.0016 0 0 0 0 0 WrongSample
30 0.9992 0.4136 0 1 414 0.0066 8 Success
31 1.0000 0.4874 0 1 1150 0.0083 24 Success
32 1.0000 0.3211 0 1 2116 0.0083 45 Success
33 1.0000 0.4593 0 1 1150 0.0069 24 Success
34 0.9985 0.2494 0 1 368 0.0062 7 Success
35 1.0000 0.3354 0 1 1196 0.0067 25 Success
36 1.0000 0.4562 0 1 1104 0.0075 23 Success
37 0.9999 0.1159 0 1 828 0.0078 17 Success
38 1.0000 0.9991 0 0 322 0.0064 6 Fail
39 0.9999 0.3879 0 1 966 0.0062 20 Success
40 1.0000 0.9906 0 0 322 0.0064 6 Fail
41 0.0225 0.0225 0 0 0 0 0 WrongSample
42 0.9999 0.2358 0 1 322 0.0063 6 Success
43 1.0000 0.4944 0 1 1196 0.0063 25 Success
44 0.9999 0.2251 0 1 230 0.0068 4 Success
45 0.9998 0.4239 0 1 92 0.0074 1 Success
46 0.0043 0.0043 0 0 0 0 0 WrongSample
47 0.9997 0.4111 0 1 874 0.0083 18 Success
48 1.0000 0.2553 0 1 1196 0.0075 25 Success
Running time:98.7549
Correctly-classified samples: 44Successful samples:39
Success rate：88.64%Misclassification rate：79.59%
ANI:12.87
MSE:0.0067
Mean queries：638.10